
[out:json][timeout:60];
(
  way(around:900,57.150207,65.552968)["building"];
  relation(around:900,57.150207,65.552968)["building"];
  way(around:900,57.150207,65.552968)["highway"];
  way(around:900,57.150207,65.552968)["landuse"];
  way(around:900,57.150207,65.552968)["leisure"];
  way(around:900,57.150207,65.552968)["natural"];
  way(around:900,57.150207,65.552968)["amenity"];
);
out body geom;
